100000002090400050006000700050903000000070000000850040700000600030009080002000001
000000000000003085001020000000507000004000100090000000500000073002010000000040009
000000039000001005003050800008090006070002000100400000009080050020000600400700000
100007090030020008009600500005300900010080002600004000300000010040000007007000300
800000000003600000070090200050007000000045700000100030001000068008500010090000400
000000012000000003002300400001800005060070800000009000008500000900040500470006000
000000010400000000020000000000050407008000300001090000300400200050100000000806000
000200000060010700008000050500004000700000002009300000000700400040060009001000030
400000805030000000000700000020000060000080400000010000000603070500200000104000000
850002400720000009004000000000107002305000900040000000000080070017000000000036040
000000000000000000009010800000700360060300008001006000080020900000005020070000004
